D			= 2;

nLocations	= 22;
loc_x		= [16 10 5  7  7 10 8 10  9  7 12  5 4  8  4  5  8 4 16 16 15 15];
loc_y		= [12 10 3 17 12 16 3  7 14 15  4 12 6 13 12 12 17 3 13 12 10 13];

nCities		= 50;
city_x		= [ 4  2 17  4 10 10  3  8 14 5  2 18 10  5 16 7 18  5 14 20  1 11 14 11 11 20 6 13 20 14 10 18 2 0 13  0  8 20 10  5 10 20  2  5 5 9 13 17 12  8];
city_y		= [17 12 20 17  1 15 12 11  3 4 17  0 10 10 14 1  4 14 18 13 18  9  7  4 11  3 0 11  5 11  6 11 1 3  1 18 14  3 14 16  5  9 16 10 9 7 18 13  6 12];
city_pop	= [26818 77922 49848 37665 77046 53452 24226 18054 65607 95860 45947 37116 83199 22252 95709 70480 59873 44829 32296 52858 31906 35155 36663 11128 12907 45384 93018 65348 35843 30070 19557 60210 64243 34724 85193 76119 87473 50062 39607 33587 44069 82601 30316 34548 92853 32768 78826 95098 80117 14258];

nCentres	= 18;
work_dist	= [   9.0    4.0    4.0    8.0   2.0    5.0    4.0    4.0    2.0   3.0    9.0    3.0   2.0   1.0    5.0   1.0   4.0    4.0];
centre_cap	= [583117 158362 205823 252042 32312 178106 170172 136588 135142 27464 493471 207729  9286  1806 145756     0 19456 108553];
instal_cost	= [ 27558  23862  28507   5091 28570  19877  28773  15086  17347 20663   8709  22864 18593 20361  25810 23176 20496  12811];


/*********************************************
 * OPL 12.6.0.0 Data
 * Author: Miquel Tubau
 *********************************************/
